4
7
7
7
7
7
7
7
7
7
7
7
7
7
8
8
8
8
8
13
15
15
15
15
15
15
15
15
15
15
15
15
15
15
15
15
15
15
17
24
24
24
24
24
25
25
25
25
25
25
25
25
25
25
25
25
25
25
25
25
25
25
26
26
26
26
26
26
26
26
26
26
26
26
26
26
26
26
26
26
26
27
27
27
27
27
27
27
27
27
27
28
28
28
28
28
28
28
28
28
28
28
29
29
29
29
29
30
30
31
31
31
31
32
32
32
33
33
34
34
34
34
34
34
35
35
35
35
35
36
36
36
36
37
37
37
37
38
38
38
38
38
38
38
39
39
39
40
40
40
41
41
41
42
42
43
43
43
44
44
44
44
45
45
45
45
45
46
46
46
47
47
48
48
48
48
48
49
50
50
50
50
50
51
51
51
51
52
52
52
52
52
52
52
52
53
53
53
53
53
53
53
54
54
54
54
54
54
54
55
55
55
55
55
55
55
55
56
56
56
56
57
57
57
57
57
57
58
58
58
58
58
58
58
58
58
58
59
59
59
59
59
60
60
60
60
60
60
60
60
60
60
60
61
61
61
61
61
61
61
62
62
62
62
62
62
62
62
62
62
63
63
63
63
63
63
63
63
63
64
64
64
64
64
65
65
65
65
65
66
66
66
66
66
66
66
67
67
67
67
67
67
68
68
68
68
68
68
68
69
69
69
69
69
69
70
70
70
71
71
71
71
71
72
72
72
72
72
74
74
75
75
75
75
75
77
77
77
77
77
77
77
79
79
80
81
82
83
86
86
86
86
86
88
88
89
90
91
92
93
93
94
94
95
95
96
96
96
96
96
97
97
97
98
98
98
98
98
98
98
98
98
99
99
99
99
99
99
100
100
101
101
101
101
102
102
104
104
104
105
105
105
106
106
106
106
107
107
107
107
108
108
108
108
108
109
109
109
109
109
110
110
110
110
110
111
111
111
111
112
112
112
112
113
113
113
113
113
114
114
114
115
115
115
115
116
117
117
117
117
118
118
118
118
119
119
119
120
120
120
120
120
121
121
121
122
122
122
123
123
123
123
123
123
124
124
124
124
125
125
125
125
126
126
127
127
127
127
128
128
128
128
128
128
128
129
129
129
129
130
130
131
131
132
132
133
133
134
134
134
134
135
135
136
136
136
137
137
137
137
137
137
137
137
138
138
139
139
139
140
140
140
141
141
141
141
141
141
142
142
143
143
143
144
144
144
144
145
146
146
146
146
146
146
147
147
148
148
148
148
148
148
149
150
150
150
150
150
151
151
152
152
152
153
153
153
154
154
155
155
155
156
157
157
157
158
159
159
160
161
162
162
164
165
165
165
166
167
168
168
170
171
171
171
172
173
175
175
175
176
177
177
178
179
179
179
179
180
180
180
180
181
182
182
182
182
182
182
182
183
183
183
184
184
184
184
184
184
185
185
185
185
185
185
185
186
186
186
188
188
188
189
189
191
191
191
192
192
193
194
194
194
195
195
195
196
196
196
196
197
197
198
200
203
203
204
204
204
205
205
205
207
208
213
213
213
214
214
214
216
217
217
217
217
217
218
218
219
219
220
220
220
220
221
222
222
222
222
223
223
223
224
224
225
225
225
225
225
226
226
226
226
226
226
227
227
227
228
228
229
229
230
230
231
231
231
232
232
233
234
234
236
236
236
238
238
239
239
240
242
242
242
242
243
245
247
247
248
250
250
251
251
252
252
253
255
257
261
262
262
263
263
264
265
267
269
273
274
275
276
276
278
278
281
282
285
287
287
288
290
291
291
291
292
292
292
292
292
294
294
294
295
295
295
296
297
298
298
298
299
299
299
299
299
300
301
301
302
302
303
303
303
304
305
305
306
306
306
307
307
308
309
309
310
310
311
311
311
311
311
312
312
313
313
313
314
314
314
317
318
320
320
321
321
321
322
322
323
325
326
326
326
326
326
327
327
328
329
329
331
333
334
336
340
341
341
341
342
344
345
345
350
360
363
363
363
364
364
366
366
366
367
367
367
368
368
369
370
370
371
371
371
371
371
372
372
373
373
373
373
373
375
376
379
381
381
381
382
383
383
384
385
386
386
386
387
388
388
388
390
390
390
391
392
393
396
397
397
399
401
412
413
414
419
420
421
421
424
428
432
432
433
435
435
438
438
440
441
441
442
442
442
444
444
445
446
448
450
450
450
451
451
452
452
455
458
458
459
460
460
461
461
461
462
462
462
465
469
475
476
477
479
480
489
502
503
505
510
510
510
517
518
520
521
524
525
525
526
528
529
532
535
535
538
538
540
542
543
545
545
547
550
555
557
559
559
572
578
579
583
589
593
594
595
597
598
603
605
612
613
613
614
618
619
619
623
624
629
632
635
641
644
644
646
647
653
656
659
664
672
680
681
684
685
688
688
696
696
698
698
699
701
702
708
709
722
725
730
732
735
739
749
752
762
765
765
770
774
775
775
778
779
783
787
805
812
815
823
842
844
845
846
849
850
862
911
913
918
925
947
965
988
994
1003
1008
1046
1082
1088
1092
1117
1134
1160
1177
1200
1204
1286
1409
1416
1738
1837
1920
1967
3604
